AngMoKio 103.8454342 1.3691149 0.00608812949640288 13.94 166800
Bedok 103.9273405 1.3236038 0.00605974732409195 21.69 284950
Bishan 103.835212 1.352585 0.00604085926254014 7.62 90310
BukitBatok 103.763679599999 1.3590288 0.00597711331260395 11.13 138290
BukitMerah 103.823918199999 1.2819046 0.00611796465968586 14.34 152800
BukitPanjang 103.7719498 1.3774142 0.00597710461430081 8.99 141950
BukitTimah 103.802077699999 1.3294113 0.00610845660426757 17.53 76390
Changi 103.9832089 1.3450101 0.00611486486486487 40.61 2220
ChoaChuKang 103.7469611 1.3839803 0.00592694822596205 6.11 186580
Clementi 103.7649377 1.3161811 0.0060951506642186 9.49 92590
DowntownCore 103.8535097 1.2866961 0.00580645161290323 4.34 2480
Geylang 103.891774599999 1.3200544 0.00604168502687935 9.64 113470
Hougang 103.8862529 1.3612182 0.00599877450980392 13.93 224400
JurongEast 103.7435522 1.3328572 0.00603421461897356 17.83 83590
JurongWest 103.7089875 1.3403898 0.00597211333855975 14.69 267870
Kallang 103.865105599999 1.3100334 0.00607764983761441 9.17 101610
LimChuKang 103.7173325 1.4304941 0.00625 17.3 120
Mandai 103.8241046 1.4260074 0.00599526066350711 11.77 2110
MarineParade 103.8970821 1.3019687 0.00611302442078898 6.12 47910
Museum 103.845197 1.299443 0.00573170731707317 0.83 410
Newton 103.8403765 1.3075517 0.00603851444291609 2.07 7270
Novena 103.8424319 1.3208572 0.00606613865459782 8.98 48610
Orchard 103.837797099999 1.3017996 0.00606770833333333 0.96 960
Outram 103.8438992 1.2848825 0.0061595591758505 1.37 20870
PasirRis 103.9473728 1.3720937 0.00592191487894047 15.02 144970
Punggol 103.9072046 1.3984457 0.00599410120021822 9.34 146640
Queenstown 103.786127099999 1.2941664 0.00609107673394119 20.43 97610
RiverValley 103.8360614 1.2959376 0.00598562628336756 1.48 9740
Rochor 103.850913399999 1.3051345 0.00607758620689655 1.62 13920
Seletar 103.866341799999 1.405163 0.00597826086956522 10.25 230
Sembawang 103.8184954 1.4491107 0.00597084639498433 12.34 79750
Sengkang 103.891443299999 1.3868121 0.00598250829348154 10.59 232110
Serangoon 103.867870799999 1.3553567 0.00605514983631327 10.1 119130
SingaporeRiver 103.840466399999 1.2891166 0.00588487972508591 0.96 2910
SouthernIslands 103.8257048 1.2536568 0.00585798816568047 6.07 1690
SungeiKadut 103.756191899999 1.4073821 0.00612179487179487 15.99 780
Tampines 103.9567879 1.3495907 0.00597824403840198 20.89 258320
Tanglin 103.818884499999 1.306932 0.00605792832596956 7.63 20370
ToaPayoh 103.8563265 1.3343035 0.00609532802364726 8.17 121790
WesternWaterCatchment 103.682541 1.3471977 0.00589041095890411 69.46 730
Woodlands 103.7889597 1.4381922 0.0059400855349934 13.59 250190
Yishun 103.835362799999 1.430368 0.00596024995248052 21.24 210440
