AngMoKio 103.8454342 1.3691149 0.00608812949640288 13.94 166800
DowntownCore 103.8535097 1.2866961 0.00580645161290323 4.34 2480
ChoaChuKang 103.7469611 1.3839803 0.00592694822596205 6.11 186580
Bishan 103.835212 1.352585 0.00604085926254014 7.62 90310
BukitPanjang 103.7719498 1.3774142 0.00597710461430081 8.99 141950
Clementi 103.7649377 1.3161811 0.0060951506642186 9.49 92590
Geylang 103.891774599999 1.3200544 0.00604168502687935 9.64 113470
BukitBatok 103.763679599999 1.3590288 0.00597711331260395 11.13 138290
BukitMerah 103.823918199999 1.2819046 0.00611796465968586 14.34 152800
Changi 103.9832089 1.3450101 0.00611486486486487 40.61 2220
BukitTimah 103.802077699999 1.3294113 0.00610845660426757 17.53 76390
Bedok 103.9273405 1.3236038 0.00605974732409195 21.69 284950
